00111100000000000000000000000000
00111000000010000000000000000001
10101111100010000000000000000000
10101111100010000000000000000100
00111000000010010000000000001000
00111000000010100000000110010000
00000001001010100101100000100010
00011101011000000000000000000100
00000011100010010110000000100000
10101101100000000000000000000000
00100001001010010000000000000100
00001000000100000000000000000110
00111000000001000000000000101000
00001100000100000000000000001111
00001000000100000000000000110000
00111000000010000000000000000100
00000001000001000000000000011000
00000000000000000100000000010010
00000011100010000100100000100000
10001101001010100000000000000000
00010001010000000000000000000010
00000000000010100010000000100110
00000011111000000000000000001000
10101111101111110000000000000000
00100011101111011111111111111100
10101111101100000000000000000000
00100011101111011111111111111100
10101111101100010000000000000000
00100011101111011111111111111100
10101111101010010000000000000000
00100011101111011111111111111100
00100000100100001111111111111110
00100000100001001111111111111111
00001100000100000000000000001111
00111000100100010000000000000000
00110110000001000000000000000000
00001100000100000000000000001111
00000000100100010010000000100000
00100011101111010000000000000100
10001111101010010000000000000000
10101101001001000000000000000000
00100011101111010000000000000100
10001111101100010000000000000000
00100011101111010000000000000100
10001111101100000000000000000000
00100011101111010000000000000100
10001111101111110000000000000000
00000011111000000000000000001000
00000000000000000000000000000000
